Accuracy:  0.6926 ± 0.0056
Precision: 0.6925 ± 0.0057
Recall:    0.6926 ± 0.0056
F1 Score:  0.6918 ± 0.0058
ROC-AUC:   0.7572 ± 0.0096
AUC Scores: [np.float64(0.747407326403485), np.float64(0.7658923843567752), np.float64(0.752418608057579), np.float64(0.7491720600230148), np.float64(0.7712618296846454)]
