Accuracy:  0.6555 ± 0.0101
Precision: 0.6551 ± 0.0102
Recall:    0.6555 ± 0.0101
F1 Score:  0.6550 ± 0.0102
ROC-AUC:   0.7170 ± 0.0055
AUC Scores: [np.float64(0.7241467527998467), np.float64(0.72160549625734), np.float64(0.7136050026536215), np.float64(0.7086965551075444), np.float64(0.7168274724580161)]
