Accuracy:  0.6801 ± 0.0067
Precision: 0.6804 ± 0.0068
Recall:    0.6801 ± 0.0067
F1 Score:  0.6802 ± 0.0068
ROC-AUC:   0.7474 ± 0.0099
AUC Scores: [np.float64(0.7483077518858772), np.float64(0.7561366880996357), np.float64(0.7361336983860564), np.float64(0.736198910259433), np.float64(0.7601542411294295)]
