Accuracy:  0.6358 ± 0.0043
Precision: 0.6399 ± 0.0045
Recall:    0.6358 ± 0.0043
F1 Score:  0.6268 ± 0.0048
ROC-AUC:   0.6675 ± 0.0085
AUC Scores: [np.float64(0.6573366868957242), np.float64(0.6593060854716976), np.float64(0.680407644436775), np.float64(0.6725947603764632), np.float64(0.6677831273808605)]
